+93728270265
+93728270217
+93728276792
+93728272325
+93728274499
+93728275822
+93728270028
+93728271846
+93728271417
+93728276434
+93728274549
+93728276037
+93728278304
+93728272736
+93728272772
+93728275599
+93728276937
+93728270581
+93728277117
+93728275937
+93728274504
+93728273317
+93728279437
+93728271529
+93728275888
+93728274866
+93728270427
+93728277114
+93728272291
+93728272546
+93728279095
+93728279243
+93728275830
+93728277422
+93728270982
+93728273518
+93728279866
+93728271888
+93728274389
+93728278064
+93728273737
+93728274055
+93728273018
+93728272489
+93728273137
+93728278521
+93728272798
+93728279672
+93728272149
+93728271418
+93728270416
+93728277518
+93728272766
+93728277821
+93728276095
+93728278800
+93728277226
+93728272246
+93728278982
+93728276338
+93728273922
